121.21339
139.665245
160.784295
171.283949
180.710409
191.111333
198.142957
209.272426
216.714919
224.79772
232.121798
239.05514
247.860933
266.735007
275.534543
283.206582
296.708
303.711
306.374
318.747967
333.855727
338.49691
347.092548
356.496488
368
365
380.505933
391.327191
412.279196
427.347946
438.295271
444.94945
462.762112
468.810747
479.810837
493.614074
511.54734
518.497247
530.820995
533.980321
537.594661
540.787583
557.994944
569.586489
584.294322
611.96682
638.637263
642.866668
649.277023
653.862963
666.277256
676.964637
688.698168
693.132495
697.862603
709.236416
715.275337
723.646213
741.069753
746.583275
756.918052
767.342436
779.198491
796.3454
802.857423
815.625634
844.39103
873.260446
880.437423
888.392313
892.956333
910.382597
919.255895
924.397691
942.588588
956.799443
963.467201
979.227
982.776
995.418203
1004.308126
1014.210327
1032.896012
1038.803987
1047.121485
1060.725568
1085.297489
1092.162923
1107.43234
1117.386938
1127.977529
1140.037708
1152.611546
1158.993529
1168.869293
1187.361788
1192.69038
1212.461094
1220.13881
1225.922373
1234.426922
1239.183018
1250
1264.159303
1273.226063
1290.694831
1299.896696
1312.247033
1330.457178
1354.717499
1368.654499
1376.415624
1384.733657
1398.115104
1418.654458
1431.793785
1446.722767
1453.752413
1459.919823
1485.242451
1492.807199
1505.97995
1514.911122
1528.263817
1540.485914
1550.074306
1557.545076
1572.293494
1581.110589
1594.694626
1601.68593
1618.408218
1626.850386
1636.349465
1640.738552
1651.169686
1659.074896
1665.505427
1672.921086
1681.935697
1692.523146
1701.027953
1715.092758
1723.081062
1732.930732
1740.424606
1764.521565
1777.984362
1787.802606
1799.685706