258.158
411.798
630.304
768.78
895.042
912.208
1007.023
1010.079
1311.838
1757.145
1773.528
1787.083
347.375
475.3686
584.0813
747.2079
1114.6898
1141.6436
1161.2537
1204.1912
1206.6389
1342.5897
1364.054
1404.78
1413.323
1428.156
2232.916
2240.106
2290.648
2306.049
2310.686
2315.588
2331.619
2339.554
2346.688
2382.647
2395.488
2407.915
2417.664
2425.162
2425.648
2429.221
2438.921
2474.055
2490.031
2490.683
2506.571
2520.433
2533.531
2537.732
2551.847
2569.697
2591.944
2631.509
2657.175
2722.423
2736.406
2780.116
2786.088
2963.82
2324.61
2360.003
2361.106
2456.613
2480.286
2493.243
2527.052
2528.73
2587.161
2588.756
2590.636